,pred_Gesture,pred_NoGesture
true_Gesture,0,0
true_NoGesture,56,260
